1 1 1.0 0.0
1 2 1.0 1.4
1 3 1.0 1.6
1 4 1.0 2.1
1 5 1.0 2.2
1 6 1.0 2.5
1 7 1.0 2.3
1 8 1.0 2.8
2 1 1.3 1.7
2 2 1.8 2.7
2 3 2.4 3.1
2 4 2.3 3.6
2 5 3.3 5.1
2 6 3.5 5.4
2 7 3.2 4.5
2 8 3.2 6.9
3 1 2.4 2.0
3 2 3.1 4.1
3 3 2.4 3.5
3 4 2.2 4.8
3 5 4.4 7.5
3 6 4.4 7.1
3 7 6.5 8.8
3 8 6.5 8.7
4 1 1.6 2.2
4 2 2.2 4.1
4 3 5.1 7.1
4 4 3.5 7.7
4 5 3.9 7.9
4 6 4.3 6.1
4 7 7.7 8.6
4 8 5.1 8.2
5 1 3.0 3.0
5 2 5.6 8.3
5 3 5.5 6.9
5 4 6.7 11.6
5 5 9.1 13.4
5 6 10.5 13.7
5 7 8.9 10.5
5 8 13.8 17.3
6 1 4.1 4.0
6 2 6.9 10.3
6 3 8.9 9.6
6 4 12.8 20.9
6 5 15.4 17.0
6 6 28.6 26.7
6 7 26.9 23.7
6 8 38.2 44.7
7 1 3.6 3.6
7 2 8.1 19.3
7 3 15.4 20.7
7 4 32.9 108.8
7 5 54.7 78.8
7 6 43.6 40.1
7 7 119.5 73.1
7 8 104.3 126.0
8 1 5.5 5.4
8 2 10.8 28.0
8 3 24.7 31.1
8 4 92.4 261.9
8 5 186.9 286.0
8 6 193.0 182.4
8 7 548.9 200.6
8 8 1123.9 1537.3

1 9 1.0 2.0
2 9 1.0 2.0
3 9 1.0 2.0
4 9 1.0 2.0
5 9 10.0 8.0
6 9 82.0 64.0
7 9 47.0 257.0
8 9 1522.0 1525.0
9 9 8848.0 51028.0
