id:
1
A:
-99, 41, 9, 71, -79
98, 0, -41, 87, -25
-88, 99, -40, 95, -16
-77, -95, 91, 96, 85
-20, 51, 88, -17, 38
b:
147
165
401
2
364
k:
5
---------
id:
2
A:
17, 0, -1, -16, -62
2, 7, -52, -53, 28
81, -72, -14, -88, 63
-65, -56, -60, 9, -80
-95, -2, -96, 75, 63
b:
65
-127
66
-608
-674
k:
5
---------
id:
3
A:
38, -73, 30, 21, 38
19, 31, 39, -23, -64
12, -40, 47, 49, -23
38, 67, -20, 44, -94
12, -8, 10, 10, 42
b:
-139
149
22
204
5
k:
5
---------
id:
4
A:
9, -84, 50, -39, 2
-63, 30, -13, -91, 61
43, -41, 98, -96, 68
75, -38, -6, 27, -74
-94, -83, 17, 76, -50
b:
-296
92
156
-330
-439
k:
5
---------
id:
5
A:
16, 80, -64, -85, -97
52, -89, -39, -9, -22
63, -26, 26, 40, 83
59, 10, 30, -8, -73
-32, -9, -35, 29, -48
b:
-277
-426
342
143
-136
k:
5
---------
id:
6
A:
-25, 44, 61, 62, 33
-76, 12, -100, -14, -2
53, -48, -89, -59, -77
26, 62, -19, -41, -40
56, -96, 28, -73, -97
b:
585
-460
-767
36
-556
k:
5
---------
id:
7
A:
-87, -96, 57, 58, 6
54, 91, -90, 1, -15
85, 56, -39, 82, 96
-33, 63, -54, 65, -87
53, 29, 54, 46, 41
b:
-43
86
688
-189
339
k:
5
---------
id:
8
A:
-85, -41, 3, 36, -24
-85, 82, -55, 63, -37
0, 24, 9, -93, 86
-36, 46, 58, -35, 58
-82, 98, 21, 53, -6
b:
-237
-6
-348
-238
-18
k:
5
---------
id:
9
A:
-69, -84, 79, -1, -36
-1, -44, -25, -90, 7
43, -56, -71, -81, -27
-37, 65, -60, 15, 76
99, -99, -29, 9, -39
b:
-126
-360
-573
74
-443
k:
5
---------
id:
10
A:
97, -57, 20, -59, -41
-8, 8, 57, 27, -94
95, -79, 22, -78, 97
58, 12, 57, -57, 21
15, 15, 55, -2, -94
b:
193
87
292
320
129
k:
5
---------
