ID: 1
A mátrix:
[[-74 -64  24 -38 -32]
 [ 64  16   9  89  42]
 [-91  77 -59 -86 -36]
 [ 55  41  83  98  92]
 [ 40 -26 -87 -19  55]]
b vektor: [-528  575 -449  725  121]
k érték: 5
 
[3 2 0 3 2] Megoldja a rendszert

ID: 2
A mátrix:
[[-43 -16 -70  58  52]
 [ 12 -95 -74 -40 -42]
 [ 97  73  -5  34  38]
 [ 97 -14 -54  20 -38]
 [ 19  59 -21 -23 -84]]
b vektor: [ 133 -346  395  -83 -199]
k érték: 5
 
[1 2 0 0 4] Megoldja a rendszert

ID: 3
A mátrix:
[[ 56 -36 -41  21  35]
 [-53 -58  57  90 -84]
 [-68   5  99  24 -27]
 [ 53  25 -85  79 -70]
 [-81   6  -6  64 -25]]
b vektor: [ 113 -240   81 -326 -209]
k érték: 5
 
LP relaxáció hiba: Az 
  A=[[-36 -41  21  35]
 [-58  57  90 -84]
 [  5  99  24 -27]
 [ 25 -85  79 -70]
 [  6  -6  64 -25]]
 b=[-111  -28  353 -538  115]
 feladat nem oldható meg 
 
LP relaxáció hiba: Az 
  A=[[-36 -41  21  35]
 [-58  57  90 -84]
 [  5  99  24 -27]
 [ 25 -85  79 -70]
 [  6  -6  64 -25]]
 b=[ -55  -81  285 -485   34]
 feladat nem oldható meg 
 
LP relaxáció hiba: Az 
  A=[[-36 -41  21  35]
 [-58  57  90 -84]
 [  5  99  24 -27]
 [ 25 -85  79 -70]
 [  6  -6  64 -25]]
 b=[   1 -134  217 -432  -47]
 feladat nem oldható meg 
 
LP relaxáció hiba: Az 
  A=[[-36 -41  21  35]
 [-58  57  90 -84]
 [  5  99  24 -27]
 [ 25 -85  79 -70]
 [  6  -6  64 -25]]
 b=[  57 -187  149 -379 -128]
 feladat nem oldható meg 
 
LP relaxáció hiba: Az 
  A=[[-36 -41  21  35]
 [-58  57  90 -84]
 [  5  99  24 -27]
 [ 25 -85  79 -70]
 [  6  -6  64 -25]]
 b=[ 113 -240   81 -326 -209]
 feladat nem oldható meg 
 


